chr1	1341806	1342052	2	2	1	1	0	16
chr1	35393740	35396551	1	1	1	1	0	7
chr1	42191720	42194889	2	2	1	1	0	10
chr1	45008322	45008535	2	2	1	1	0	18
chr1	52059902	52064824	1	1	1	1	0	9
chr1	52064939	52083339	1	1	1	1	0	24
chr1	110011358	110012361	1	1	1	1	0	15
chr1	112698790	112699684	1	1	1	1	0	22
chr1	112699983	112700218	1	1	1	1	0	25
chr1	119712161	119721169	1	1	1	1	0	10
chr1	119726906	119727003	1	1	1	1	0	21
chr1	155612976	155613048	1	1	1	1	0	21
chr1	160292199	160292483	2	2	1	1	0	10
chr1	206421275	206430161	1	1	1	1	0	8
chr1	206731263	206731639	1	1	1	1	0	2
chr1	206731920	206732574	1	1	1	1	0	4
chr1	226064480	226065655	1	1	1	0	1	21
chr1	229465520	229466633	2	2	1	1	0	6
chr2	24068460	24074075	2	2	1	1	0	4
chr2	24793502	24799674	1	1	1	0	1	1
chr2	24793966	24799674	1	1	1	0	1	1
chr2	24799845	24814375	1	1	1	0	1	7
chr2	152663968	152664137	2	2	1	1	0	2
chr2	168765749	168769509	1	1	1	1	0	2
chr2	168851183	168851278	1	1	1	1	0	20
chr2	189572962	189575160	2	2	1	1	0	17
chr2	197495377	197497139	2	2	1	1	0	20
chr2	201234113	201240269	1	1	1	1	0	15
chr2	202883742	202884197	2	2	1	1	0	9
chr2	209625130	209653141	1	1	1	1	0	16
chr3	25609345	25609567	2	2	1	1	0	17
chr3	122451634	122451975	2	2	1	1	0	9
chr3	122467430	122496436	2	2	1	1	0	22
chr3	133584151	133586562	1	1	1	1	0	7
chr3	146104343	146106531	2	2	1	1	0	1
chr3	150624900	150627009	1	1	1	1	0	10
chr3	196472773	196475230	2	2	1	1	0	9
chr4	6999203	7001144	1	1	1	1	0	10
chr4	37855742	37861509	1	1	1	0	1	1
chr4	39458441	39458890	2	2	1	1	0	5
chr4	56478504	56478591	1	1	1	1	0	4
chr4	56483271	56484735	1	1	1	1	0	6
chr4	121671643	121672532	2	2	1	1	0	14
chr5	40834607	40835182	2	2	1	1	0	8
chr5	75359557	75359984	1	1	1	1	0	12
chr5	82276519	82277692	2	2	1	1	0	20
chr5	141865428	141868501	2	2	1	0	1	3
chr5	141865428	141868568	2	2	1	0	1	3
chr5	144164257	144165431	2	2	1	1	0	5
chr5	163513995	163516517	1	1	1	1	0	2
chr5	171391800	171392709	1	1	1	1	0	23
chr5	177592399	177592574	1	1	1	1	0	23
chr5	178206891	178207093	1	1	1	1	0	22
chr5	178207226	178209329	1	1	1	1	0	22
chr5	179615596	179616125	2	2	1	1	0	5
chr6	32980133	32980341	1	1	1	1	0	10
chr6	35620275	35637013	2	2	1	1	0	16
chr6	63578530	63578897	1	1	1	1	0	2
chr6	105282583	105285485	2	2	1	1	0	21
chr6	134966474	134969237	2	2	1	1	0	12
chr6	158769419	158769783	2	2	1	1	0	16
chr6	158770895	158771243	2	2	1	1	0	23
chr7	2647254	2647417	1	1	1	1	0	18
chr7	5528720	5529160	2	2	1	1	0	5
chr7	24816689	24820174	2	2	1	1	0	25
chr7	24830906	24834485	2	2	1	1	0	13
chr7	26192339	26192494	2	2	1	1	0	20
chr7	44118065	44121833	2	2	1	1	0	14
chr7	44581240	44581448	2	2	1	1	0	7
chr7	56054504	56055623	1	1	1	1	0	8
chr7	158748281	158749648	2	2	1	1	0	21
chr8	27598251	27598459	2	2	1	1	0	11
chr8	108214717	108216411	2	2	1	1	0	17
chr9	108992820	108999066	2	2	1	1	0	5
chr9	122148278	122152244	2	2	1	1	0	20
chr9	136725111	136726310	2	2	1	1	0	8
chr9	136727087	136727880	2	2	1	1	0	23
chr10	247467	248335	1	1	1	1	0	3
chr10	119577204	119577450	2	2	1	1	0	18
chr11	7994518	7994981	1	1	1	1	0	21
chr11	14493812	14494209	2	2	1	1	0	18
chr11	18401011	18402839	1	1	1	0	1	14
chr11	62605774	62605854	2	2	1	1	0	10
chr11	62678744	62678864	2	2	1	1	0	8
chr11	64193288	64194188	1	1	1	1	0	7
chr11	64255617	64255720	1	1	1	1	0	17
chr11	66275936	66276043	1	1	1	1	0	6
chr11	66515732	66515860	1	1	1	1	0	23
chr11	66565928	66566021	2	2	1	1	0	19
chr11	86264264	86266082	1	1	1	1	0	15
chr11	86266217	86268455	1	1	1	1	0	2
chr11	102398892	102401538	2	2	1	1	0	15
chr11	125572570	125575262	1	1	1	1	0	11
chr12	6583379	6587383	2	2	1	1	0	1
chr12	10621973	10622637	2	2	1	1	0	22
chr12	10624860	10627640	2	2	1	1	0	4
chr12	10702135	10704050	2	2	1	1	0	11
chr12	15895497	15897881	1	1	1	1	0	1
chr12	49129391	49129499	2	2	1	1	0	17
chr12	49489574	49490681	1	1	1	1	0	4
chr12	51241117	51242329	1	1	1	1	0	21
chr12	52902073	52904657	2	2	1	2	0	5
chr12	52951646	52951730	1	1	1	1	0	11
chr12	53231236	53231973	2	2	1	1	0	17
chr12	56645354	56645836	2	2	1	1	0	10
chr12	67310071	67310151	1	1	1	1	0	8
chr12	69588263	69589484	1	1	1	1	0	5
chr12	69592160	69592975	1	1	1	1	0	16
chr12	103939626	103941409	1	1	1	1	0	8
chr12	112405377	112405852	2	2	1	1	0	2
chr12	112406343	112406746	2	2	1	1	0	5
chr12	120197463	120198553	2	2	1	1	0	7
chr12	122242509	122244568	2	2	1	1	0	25
chr13	27648454	27665685	1	1	1	1	0	24
chr13	40941371	40942951	2	2	1	0	1	2
chr13	40943145	40943841	2	2	1	0	1	21
chr14	31135196	31135475	2	2	1	1	0	19
chr14	35308996	35310739	1	1	1	1	0	22
chr14	52470681	52482229	2	2	1	1	0	2
chr14	52482966	52488362	2	2	1	1	0	23
chr14	55129301	55137369	1	1	1	1	0	7
chr14	102083984	102084398	2	2	1	1	0	2
chr15	75339105	75339263	1	1	1	1	0	7
chr15	89268526	89273376	1	1	1	1	0	25
chr15	89274305	89276710	1	1	1	1	0	20
chr15	90877616	90878131	1	1	1	1	0	23
chr16	14878835	14880014	1	1	1	0	1	7
chr16	16277484	16278661	1	1	1	0	1	7
chr16	18433476	18434653	2	2	1	0	1	7
chr16	18516011	18517188	2	2	1	0	1	7
chr16	56658087	56658674	1	1	1	1	0	3
chr16	74491216	74492956	2	2	1	1	0	2
chr16	85799753	85801204	1	1	1	0	1	2
chr16	85799885	85801204	1	1	1	0	1	2
chr16	88715855	88715932	2	2	1	1	0	10
chr16	88716278	88716360	2	2	1	1	0	19
chr17	1467342	1467479	2	2	1	1	0	16
chr17	1467911	1467987	2	2	1	1	0	1
chr17	39984485	39986574	1	1	1	1	0	8
chr17	39986713	39988682	1	1	1	1	0	2
chr17	40162902	40163480	1	1	1	1	0	20
chr17	41758871	41762982	2	2	1	1	0	22
chr17	42326200	42329409	2	2	1	1	0	19
chr17	44349752	44350227	1	1	1	1	0	22
chr17	44350801	44351036	1	1	1	1	0	8
chr17	44855005	44857074	2	2	1	1	0	8
chr17	44860046	44860431	2	2	1	1	0	15
chr17	46406750	46409033	1	1	1	0	1	2
chr17	46624330	46626612	1	1	1	0	1	2
chr17	75147654	75148528	2	2	1	1	0	23
chr17	75778724	75778809	2	2	1	1	0	24
chr17	75779185	75779656	2	2	1	1	0	20
chr17	82619129	82621608	2	2	1	1	0	5
chr18	49488567	49489358	2	2	1	1	0	9
chr19	581592	582305	1	1	1	1	0	23
chr19	3547365	3547454	2	2	1	1	0	23
chr19	3547548	3547847	2	2	1	1	0	17
chr19	7637187	7638725	1	1	1	1	0	9
chr19	12677212	12677290	2	2	1	1	0	24
chr19	12677397	12679456	2	2	1	1	0	15
chr19	12940148	12940242	1	1	1	1	0	21
chr19	12940453	12940540	1	1	1	1	0	7
chr19	17406297	17413096	1	1	1	1	0	3
chr19	49491100	49491424	1	1	1	1	0	6
chr21	25729802	25734852	2	2	1	1	0	5
chr21	26090073	26111978	2	2	1	1	0	20
chr21	34521659	34523536	2	2	1	1	0	2
chr22	35322038	35323027	1	1	1	1	0	18
chr22	39313311	39313633	2	2	1	1	0	14
chr22	39313730	39314106	2	2	1	1	0	1
chrX	37841906	37846316	2	2	1	1	0	25
chrX	53548274	53548958	2	2	1	1	0	16
