Offset	A	C	G	T	A/T	C/G	A/G	C/T	AA	AC	AG	AT	CA	CC	CG	CT	GA	GC	GG	GT	TA	TC	TG	TT	N	NN
-50	0.275822	0.215962	0.220657	0.287559	0.299296	0.178404	0.268779	0.301643	0.082160	0.062207	0.077465	0.053991	0.055164	0.073944	0.005869	0.080986	0.061033	0.050469	0.048122	0.061033	0.069249	0.052817	0.071596	0.093897	852.0	852.0
-49	0.267606	0.239437	0.203052	0.289906	0.307512	0.180751	0.261737	0.288732	0.086854	0.035211	0.071596	0.073944	0.082160	0.064554	0.011737	0.080986	0.050469	0.051643	0.052817	0.048122	0.065728	0.062207	0.080986	0.080986	852.0	852.0
-48	0.285211	0.213615	0.217136	0.284038	0.320423	0.164319	0.254695	0.296948	0.082160	0.056338	0.072770	0.073944	0.069249	0.053991	0.008216	0.082160	0.050469	0.052817	0.049296	0.064554	0.061033	0.057512	0.062207	0.103286	852.0	852.0
-47	0.262911	0.220657	0.192488	0.323944	0.295775	0.157277	0.264085	0.328638	0.080986	0.055164	0.072770	0.053991	0.072770	0.056338	0.009390	0.082160	0.057512	0.038732	0.052817	0.043427	0.057512	0.086854	0.076291	0.103286	852.0	852.0
-46	0.268779	0.237089	0.211268	0.282864	0.311033	0.179577	0.260563	0.291080	0.078638	0.052817	0.072770	0.064554	0.080986	0.061033	0.012911	0.082160	0.050469	0.046948	0.058685	0.055164	0.066901	0.046948	0.068075	0.100939	852.0	852.0
-45	0.276995	0.207746	0.212441	0.302817	0.329812	0.160798	0.271127	0.293427	0.090376	0.045775	0.062207	0.078638	0.076291	0.046948	0.015258	0.069249	0.064554	0.044601	0.053991	0.049296	0.056338	0.072770	0.069249	0.104460	852.0	852.0
-44	0.287559	0.210094	0.200704	0.301643	0.325117	0.184272	0.279343	0.280516	0.099765	0.048122	0.073944	0.065728	0.072770	0.069249	0.009390	0.058685	0.053991	0.053991	0.051643	0.041080	0.070423	0.063380	0.078638	0.089202	852.0	852.0
-43	0.296948	0.234742	0.213615	0.254695	0.315728	0.181925	0.287559	0.296948	0.109155	0.053991	0.064554	0.069249	0.071596	0.071596	0.011737	0.079812	0.055164	0.039906	0.058685	0.059859	0.048122	0.056338	0.061033	0.089202	852.0	852.0
-42	0.284038	0.221831	0.196009	0.298122	0.325117	0.153756	0.284038	0.292254	0.095070	0.036385	0.083333	0.069249	0.078638	0.053991	0.008216	0.080986	0.055164	0.041080	0.050469	0.049296	0.059859	0.056338	0.080986	0.100939	852.0	852.0
-41	0.288732	0.187793	0.223005	0.300469	0.323944	0.158451	0.298122	0.279343	0.096244	0.056338	0.072770	0.063380	0.057512	0.055164	0.010563	0.064554	0.083333	0.046948	0.045775	0.046948	0.059859	0.055164	0.080986	0.104460	852.0	852.0
-40	0.296948	0.213615	0.210094	0.279343	0.323944	0.178404	0.292254	0.276995	0.100939	0.066901	0.068075	0.061033	0.084507	0.057512	0.010563	0.061033	0.056338	0.043427	0.066901	0.043427	0.053991	0.050469	0.066901	0.107981	852.0	852.0
-39	0.295775	0.218310	0.212441	0.273474	0.338028	0.171362	0.274648	0.291080	0.096244	0.046948	0.066901	0.085681	0.075117	0.058685	0.009390	0.075117	0.056338	0.048122	0.055164	0.052817	0.051643	0.052817	0.064554	0.104460	852.0	852.0
-38	0.279343	0.206573	0.196009	0.318075	0.347418	0.166667	0.261737	0.293427	0.098592	0.048122	0.063380	0.069249	0.068075	0.062207	0.014085	0.062207	0.053991	0.044601	0.045775	0.051643	0.076291	0.065728	0.072770	0.103286	852.0	852.0
-37	0.296948	0.220657	0.196009	0.286385	0.320423	0.151408	0.280516	0.264085	0.088028	0.048122	0.085681	0.075117	0.082160	0.046948	0.018779	0.072770	0.061033	0.039906	0.045775	0.049296	0.064554	0.051643	0.077465	0.092723	852.0	852.0
-36	0.295775	0.186620	0.227700	0.289906	0.302817	0.156103	0.306338	0.252347	0.089202	0.057512	0.076291	0.072770	0.066901	0.043427	0.009390	0.066901	0.075117	0.037559	0.065728	0.049296	0.066901	0.068075	0.080986	0.073944	852.0	852.0
-35	0.298122	0.206573	0.232394	0.262911	0.309859	0.174883	0.288732	0.255869	0.095070	0.046948	0.070423	0.085681	0.071596	0.057512	0.014085	0.063380	0.069249	0.049296	0.053991	0.059859	0.048122	0.053991	0.079812	0.080986	852.0	852.0
-34	0.284038	0.207746	0.218310	0.289906	0.328638	0.159624	0.285211	0.286385	0.085681	0.036385	0.082160	0.079812	0.064554	0.055164	0.014085	0.073944	0.072770	0.045775	0.044601	0.055164	0.063380	0.057512	0.069249	0.099765	852.0	852.0
-33	0.286385	0.194836	0.210094	0.308685	0.321596	0.147887	0.300469	0.264085	0.097418	0.048122	0.075117	0.065728	0.068075	0.043427	0.012911	0.070423	0.071596	0.035211	0.056338	0.046948	0.062207	0.053991	0.096244	0.096244	852.0	852.0
-32	0.299296	0.180751	0.240610	0.279343	0.296948	0.181925	0.319249	0.253521	0.089202	0.041080	0.090376	0.078638	0.064554	0.044601	0.007042	0.064554	0.065728	0.056338	0.073944	0.044601	0.055164	0.070423	0.079812	0.073944	852.0	852.0
-31	0.274648	0.212441	0.251174	0.261737	0.292254	0.184272	0.299296	0.255869	0.091549	0.043427	0.072770	0.066901	0.079812	0.057512	0.010563	0.064554	0.079812	0.061033	0.055164	0.055164	0.058685	0.058685	0.069249	0.075117	852.0	852.0
-30	0.309859	0.220657	0.207746	0.261737	0.326291	0.177230	0.287559	0.272300	0.088028	0.053991	0.084507	0.083333	0.080986	0.057512	0.012911	0.069249	0.056338	0.048122	0.058685	0.044601	0.063380	0.053991	0.052817	0.091549	852.0	852.0
-29	0.288732	0.213615	0.208920	0.288732	0.319249	0.163146	0.260563	0.288732	0.084507	0.053991	0.071596	0.078638	0.064554	0.058685	0.010563	0.079812	0.064554	0.053991	0.039906	0.050469	0.062207	0.056338	0.076291	0.093897	852.0	852.0
-28	0.275822	0.223005	0.198357	0.302817	0.316901	0.157277	0.266432	0.303991	0.089202	0.056338	0.062207	0.068075	0.080986	0.064554	0.008216	0.069249	0.069249	0.038732	0.045775	0.044601	0.057512	0.068075	0.075117	0.102113	852.0	852.0
-27	0.296948	0.227700	0.191315	0.284038	0.303991	0.179577	0.274648	0.287559	0.102113	0.063380	0.066901	0.064554	0.078638	0.065728	0.012911	0.070423	0.044601	0.039906	0.061033	0.045775	0.052817	0.066901	0.079812	0.084507	852.0	852.0
-26	0.278169	0.235915	0.220657	0.265258	0.302817	0.197183	0.292254	0.291080	0.093897	0.052817	0.068075	0.063380	0.066901	0.072770	0.014085	0.082160	0.062207	0.042254	0.068075	0.048122	0.063380	0.053991	0.065728	0.082160	852.0	852.0
-25	0.286385	0.221831	0.215962	0.275822	0.278169	0.165493	0.289906	0.274648	0.090376	0.062207	0.075117	0.058685	0.076291	0.055164	0.014085	0.076291	0.070423	0.042254	0.053991	0.049296	0.050469	0.064554	0.082160	0.078638	852.0	852.0
-24	0.287559	0.224178	0.225352	0.262911	0.311033	0.181925	0.303991	0.233568	0.085681	0.044601	0.082160	0.075117	0.093897	0.055164	0.019953	0.055164	0.071596	0.042254	0.064554	0.046948	0.071596	0.044601	0.068075	0.078638	852.0	852.0
-23	0.322770	0.186620	0.234742	0.255869	0.333333	0.172535	0.307512	0.254695	0.105634	0.066901	0.073944	0.076291	0.066901	0.049296	0.008216	0.062207	0.066901	0.053991	0.061033	0.052817	0.056338	0.048122	0.056338	0.095070	852.0	852.0
-22	0.295775	0.218310	0.199531	0.286385	0.312207	0.164319	0.278169	0.287559	0.097418	0.057512	0.070423	0.070423	0.072770	0.056338	0.016432	0.072770	0.061033	0.042254	0.049296	0.046948	0.051643	0.065728	0.076291	0.092723	852.0	852.0
-21	0.282864	0.221831	0.212441	0.282864	0.294601	0.166667	0.260563	0.291080	0.077465	0.061033	0.075117	0.069249	0.076291	0.053991	0.010563	0.080986	0.055164	0.049296	0.052817	0.055164	0.057512	0.065728	0.069249	0.090376	852.0	852.0
-20	0.266432	0.230047	0.207746	0.295775	0.291080	0.159624	0.279343	0.296948	0.078638	0.046948	0.083333	0.057512	0.082160	0.061033	0.011737	0.075117	0.064554	0.034038	0.052817	0.056338	0.069249	0.075117	0.065728	0.085681	852.0	852.0
-19	0.294601	0.217136	0.213615	0.274648	0.320423	0.154930	0.274648	0.257042	0.086854	0.032864	0.082160	0.092723	0.091549	0.051643	0.010563	0.063380	0.061033	0.048122	0.044601	0.059859	0.055164	0.056338	0.077465	0.085681	852.0	852.0
-18	0.294601	0.188967	0.214789	0.301643	0.328638	0.156103	0.287559	0.284038	0.097418	0.057512	0.077465	0.062207	0.056338	0.049296	0.009390	0.073944	0.062207	0.046948	0.050469	0.055164	0.069249	0.061033	0.071596	0.099765	852.0	852.0
-17	0.285211	0.214789	0.208920	0.291080	0.303991	0.174883	0.284038	0.289906	0.088028	0.045775	0.085681	0.065728	0.075117	0.064554	0.005869	0.069249	0.056338	0.050469	0.053991	0.048122	0.063380	0.069249	0.071596	0.086854	852.0	852.0
-16	0.282864	0.230047	0.217136	0.269953	0.280516	0.170188	0.264085	0.258216	0.073944	0.059859	0.069249	0.079812	0.079812	0.056338	0.012911	0.080986	0.065728	0.045775	0.055164	0.050469	0.065728	0.059859	0.083333	0.061033	852.0	852.0
-15	0.285211	0.221831	0.220657	0.272300	0.307512	0.170188	0.273474	0.286385	0.086854	0.053991	0.057512	0.086854	0.078638	0.064554	0.008216	0.070423	0.068075	0.036385	0.061033	0.055164	0.055164	0.072770	0.065728	0.078638	852.0	852.0
-14	0.288732	0.227700	0.192488	0.291080	0.296948	0.151408	0.279343	0.303991	0.099765	0.059859	0.071596	0.057512	0.066901	0.050469	0.015258	0.095070	0.061033	0.038732	0.046948	0.045775	0.049296	0.068075	0.083333	0.090376	852.0	852.0
-13	0.276995	0.217136	0.217136	0.288732	0.320423	0.172535	0.272300	0.295775	0.090376	0.052817	0.058685	0.075117	0.065728	0.053991	0.012911	0.084507	0.061033	0.043427	0.062207	0.050469	0.059859	0.062207	0.071596	0.095070	852.0	852.0
-12	0.276995	0.212441	0.205399	0.305164	0.313380	0.165493	0.268779	0.274648	0.095070	0.041080	0.070423	0.070423	0.068075	0.055164	0.015258	0.073944	0.059859	0.051643	0.043427	0.050469	0.061033	0.058685	0.098592	0.086854	852.0	852.0
-11	0.284038	0.206573	0.227700	0.281690	0.307512	0.185446	0.282864	0.276995	0.099765	0.051643	0.063380	0.069249	0.064554	0.055164	0.008216	0.078638	0.052817	0.055164	0.066901	0.052817	0.049296	0.053991	0.089202	0.089202	852.0	852.0
-10	0.266432	0.215962	0.227700	0.289906	0.291080	0.163146	0.255869	0.288732	0.071596	0.050469	0.073944	0.070423	0.079812	0.053991	0.005869	0.076291	0.063380	0.056338	0.046948	0.061033	0.058685	0.068075	0.072770	0.090376	852.0	852.0
-9	0.273474	0.228873	0.199531	0.298122	0.340376	0.170188	0.266432	0.307512	0.103286	0.038732	0.062207	0.069249	0.076291	0.062207	0.019953	0.070423	0.057512	0.044601	0.043427	0.053991	0.063380	0.070423	0.059859	0.104460	852.0	852.0
-8	0.300469	0.215962	0.185446	0.298122	0.321596	0.147887	0.271127	0.284038	0.089202	0.056338	0.077465	0.077465	0.084507	0.055164	0.004695	0.071596	0.056338	0.039906	0.048122	0.041080	0.061033	0.063380	0.079812	0.093897	852.0	852.0
-7	0.291080	0.214789	0.210094	0.284038	0.326291	0.160798	0.272300	0.291080	0.090376	0.051643	0.065728	0.083333	0.078638	0.053991	0.016432	0.065728	0.066901	0.041080	0.049296	0.052817	0.049296	0.068075	0.063380	0.103286	852.0	852.0
-6	0.285211	0.214789	0.194836	0.305164	0.343897	0.167840	0.275822	0.294601	0.096244	0.038732	0.075117	0.075117	0.066901	0.059859	0.017606	0.070423	0.058685	0.044601	0.045775	0.045775	0.066901	0.058685	0.073944	0.105634	852.0	852.0
-5	0.288732	0.201878	0.212441	0.296948	0.341549	0.157277	0.291080	0.266432	0.105634	0.041080	0.072770	0.069249	0.068075	0.050469	0.016432	0.066901	0.059859	0.037559	0.052817	0.062207	0.068075	0.050469	0.079812	0.098592	852.0	852.0
-4	0.301643	0.179577	0.221831	0.296948	0.298122	0.176056	0.274648	0.244131	0.096244	0.061033	0.075117	0.069249	0.071596	0.050469	0.011737	0.045775	0.045775	0.056338	0.057512	0.062207	0.052817	0.068075	0.096244	0.079812	852.0	852.0
-3	0.266432	0.235915	0.240610	0.257042	0.295775	0.188967	0.309859	0.282864	0.088028	0.039906	0.077465	0.061033	0.082160	0.073944	0.007042	0.072770	0.079812	0.043427	0.064554	0.052817	0.058685	0.048122	0.062207	0.088028	852.0	852.0
-2	0.308685	0.205399	0.211268	0.274648	0.307512	0.190141	0.281690	0.282864	0.079812	0.057512	0.088028	0.083333	0.050469	0.065728	0.014085	0.075117	0.053991	0.050469	0.059859	0.046948	0.053991	0.051643	0.078638	0.090376	852.0	852.0
-1	0.238263	0.225352	0.240610	0.295775	0.299296	0.181925	0.248826	0.298122	0.082160	0.048122	0.046948	0.061033	0.070423	0.056338	0.014085	0.084507	0.062207	0.053991	0.057512	0.066901	0.058685	0.059859	0.079812	0.097418	852.0	852.0
0	0.273474	0.218310	0.198357	0.309859	0.284038	0.166667	0.265258	0.302817	0.076291	0.056338	0.079812	0.061033	0.069249	0.058685	0.012911	0.077465	0.052817	0.038732	0.056338	0.050469	0.057512	0.077465	0.085681	0.089202	852.0	852.0
1	0.255869	0.231221	0.234742	0.278169	0.275822	0.196009	0.264085	0.295775	0.069249	0.055164	0.075117	0.056338	0.064554	0.065728	0.017606	0.083333	0.053991	0.046948	0.065728	0.068075	0.066901	0.063380	0.064554	0.083333	852.0	852.0
2	0.254695	0.231221	0.223005	0.291080	0.309859	0.176056	0.242958	0.305164	0.079812	0.049296	0.053991	0.071596	0.077465	0.062207	0.010563	0.080986	0.062207	0.056338	0.046948	0.057512	0.059859	0.063380	0.069249	0.098592	852.0	852.0
3	0.279343	0.231221	0.180751	0.308685	0.305164	0.165493	0.267606	0.286385	0.080986	0.043427	0.088028	0.066901	0.077465	0.069249	0.010563	0.073944	0.050469	0.037559	0.048122	0.044601	0.078638	0.064554	0.086854	0.078638	852.0	852.0
4	0.287559	0.214789	0.233568	0.264085	0.275822	0.198357	0.289906	0.247653	0.091549	0.062207	0.071596	0.062207	0.073944	0.065728	0.012911	0.062207	0.057512	0.050469	0.069249	0.056338	0.057512	0.055164	0.086854	0.064554	852.0	852.0
5	0.280516	0.233568	0.240610	0.245305	0.293427	0.194836	0.305164	0.258216	0.103286	0.059859	0.057512	0.059859	0.082160	0.059859	0.016432	0.075117	0.071596	0.045775	0.072770	0.050469	0.057512	0.050469	0.064554	0.072770	852.0	852.0
6	0.314554	0.215962	0.211268	0.258216	0.318075	0.149061	0.308685	0.253521	0.098592	0.046948	0.085681	0.083333	0.083333	0.042254	0.015258	0.075117	0.069249	0.036385	0.055164	0.050469	0.056338	0.056338	0.065728	0.079812	852.0	852.0
7	0.307512	0.181925	0.221831	0.288732	0.300469	0.152582	0.276995	0.251174	0.086854	0.069249	0.076291	0.075117	0.069249	0.044601	0.004695	0.063380	0.059859	0.049296	0.053991	0.058685	0.058685	0.063380	0.086854	0.079812	852.0	852.0
8	0.274648	0.226526	0.221831	0.276995	0.273474	0.187793	0.285211	0.286385	0.079812	0.056338	0.076291	0.062207	0.075117	0.063380	0.015258	0.072770	0.064554	0.044601	0.064554	0.048122	0.049296	0.068075	0.077465	0.082160	852.0	852.0
9	0.268779	0.232394	0.233568	0.265258	0.287559	0.190141	0.269953	0.276995	0.083333	0.051643	0.065728	0.068075	0.078638	0.062207	0.015258	0.076291	0.063380	0.055164	0.057512	0.057512	0.053991	0.056338	0.072770	0.082160	852.0	852.0
10	0.279343	0.225352	0.211268	0.284038	0.289906	0.190141	0.289906	0.279343	0.088028	0.053991	0.084507	0.052817	0.079812	0.065728	0.011737	0.068075	0.051643	0.046948	0.065728	0.046948	0.056338	0.052817	0.082160	0.092723	852.0	852.0
11	0.275822	0.219484	0.244131	0.260563	0.294601	0.179577	0.301643	0.269953	0.092723	0.052817	0.071596	0.058685	0.073944	0.058685	0.011737	0.075117	0.072770	0.044601	0.064554	0.062207	0.057512	0.050469	0.066901	0.085681	852.0	852.0
12	0.296948	0.206573	0.214789	0.281690	0.302817	0.171362	0.266432	0.275822	0.092723	0.068075	0.058685	0.077465	0.077465	0.050469	0.012911	0.065728	0.058685	0.051643	0.056338	0.048122	0.042254	0.069249	0.079812	0.090376	852.0	852.0
13	0.271127	0.239437	0.207746	0.281690	0.276995	0.186620	0.258216	0.280516	0.083333	0.065728	0.063380	0.058685	0.092723	0.065728	0.008216	0.072770	0.045775	0.046948	0.065728	0.049296	0.061033	0.068075	0.078638	0.073944	852.0	852.0
14	0.282864	0.246479	0.215962	0.254695	0.258216	0.186620	0.273474	0.288732	0.089202	0.056338	0.070423	0.066901	0.082160	0.063380	0.014085	0.086854	0.056338	0.051643	0.057512	0.050469	0.030516	0.066901	0.085681	0.071596	852.0	852.0
15	0.258216	0.238263	0.227700	0.275822	0.293427	0.181925	0.245305	0.276995	0.077465	0.045775	0.058685	0.076291	0.080986	0.063380	0.011737	0.082160	0.063380	0.061033	0.045775	0.057512	0.070423	0.062207	0.073944	0.069249	852.0	852.0
16	0.292254	0.232394	0.190141	0.285211	0.302817	0.173709	0.266432	0.303991	0.078638	0.061033	0.080986	0.071596	0.076291	0.057512	0.015258	0.083333	0.055164	0.049296	0.051643	0.034038	0.057512	0.068075	0.064554	0.095070	852.0	852.0
17	0.267606	0.235915	0.212441	0.284038	0.280516	0.174883	0.287559	0.282864	0.084507	0.043427	0.077465	0.062207	0.085681	0.052817	0.015258	0.082160	0.059859	0.041080	0.065728	0.045775	0.056338	0.070423	0.079812	0.077465	852.0	852.0
18	0.286385	0.207746	0.238263	0.267606	0.289906	0.169014	0.312207	0.265258	0.082160	0.044601	0.085681	0.073944	0.079812	0.048122	0.009390	0.070423	0.075117	0.042254	0.069249	0.051643	0.049296	0.062207	0.071596	0.084507	852.0	852.0
19	0.286385	0.197183	0.235915	0.280516	0.281690	0.172535	0.286385	0.262911	0.080986	0.066901	0.070423	0.068075	0.065728	0.053991	0.004695	0.072770	0.070423	0.049296	0.064554	0.051643	0.049296	0.052817	0.095070	0.083333	852.0	852.0
20	0.266432	0.223005	0.234742	0.275822	0.276995	0.178404	0.276995	0.285211	0.089202	0.055164	0.061033	0.061033	0.078638	0.065728	0.009390	0.069249	0.062207	0.038732	0.064554	0.069249	0.052817	0.076291	0.072770	0.073944	852.0	852.0
21	0.282864	0.235915	0.207746	0.273474	0.296948	0.176056	0.266432	0.271127	0.077465	0.059859	0.078638	0.066901	0.092723	0.063380	0.012911	0.066901	0.056338	0.045775	0.053991	0.051643	0.064554	0.052817	0.068075	0.088028	852.0	852.0
22	0.291080	0.221831	0.213615	0.273474	0.299296	0.165493	0.281690	0.262911	0.084507	0.056338	0.076291	0.073944	0.075117	0.058685	0.017606	0.070423	0.069249	0.037559	0.051643	0.055164	0.058685	0.051643	0.080986	0.082160	852.0	852.0
23	0.287559	0.204225	0.226526	0.281690	0.292254	0.170188	0.305164	0.266432	0.096244	0.036385	0.083333	0.071596	0.064554	0.052817	0.016432	0.070423	0.069249	0.044601	0.056338	0.056338	0.065728	0.084507	0.072770	0.058685	852.0	852.0
24	0.295775	0.218310	0.228873	0.257042	0.293427	0.191315	0.276995	0.257042	0.092723	0.049296	0.082160	0.071596	0.091549	0.058685	0.005869	0.062207	0.043427	0.068075	0.058685	0.058685	0.041080	0.048122	0.079812	0.088028	852.0	852.0
25	0.268779	0.224178	0.226526	0.280516	0.299296	0.197183	0.275822	0.303991	0.072770	0.049296	0.076291	0.070423	0.072770	0.068075	0.008216	0.075117	0.061033	0.055164	0.065728	0.044601	0.063380	0.068075	0.056338	0.092723	852.0	852.0
26	0.269953	0.240610	0.206573	0.282864	0.295775	0.167840	0.265258	0.293427	0.071596	0.042254	0.085681	0.070423	0.078638	0.048122	0.011737	0.102113	0.048122	0.048122	0.059859	0.050469	0.066901	0.056338	0.072770	0.086854	852.0	852.0
27	0.265258	0.194836	0.230047	0.309859	0.301643	0.177230	0.280516	0.280516	0.083333	0.043427	0.075117	0.063380	0.058685	0.059859	0.015258	0.061033	0.068075	0.048122	0.053991	0.059859	0.059859	0.064554	0.090376	0.095070	852.0	852.0
28	0.269953	0.215962	0.234742	0.279343	0.293427	0.184272	0.254695	0.298122	0.076291	0.050469	0.066901	0.076291	0.069249	0.063380	0.010563	0.072770	0.063380	0.062207	0.048122	0.061033	0.055164	0.076291	0.062207	0.085681	852.0	852.0
29	0.264085	0.252347	0.187793	0.295775	0.293427	0.171362	0.262911	0.305164	0.082160	0.043427	0.077465	0.061033	0.089202	0.059859	0.017606	0.085681	0.052817	0.043427	0.050469	0.041080	0.059859	0.069249	0.076291	0.090376	852.0	852.0
30	0.284038	0.215962	0.221831	0.278169	0.293427	0.183099	0.308685	0.300469	0.093897	0.048122	0.084507	0.057512	0.068075	0.062207	0.016432	0.069249	0.068075	0.042254	0.062207	0.049296	0.044601	0.071596	0.064554	0.097418	852.0	852.0
31	0.274648	0.224178	0.227700	0.273474	0.279343	0.181925	0.258216	0.280516	0.082160	0.065728	0.059859	0.066901	0.070423	0.053991	0.014085	0.085681	0.050469	0.048122	0.065728	0.063380	0.051643	0.062207	0.080986	0.078638	852.0	852.0
32	0.254695	0.230047	0.220657	0.294601	0.292254	0.183099	0.282864	0.303991	0.073944	0.045775	0.071596	0.063380	0.069249	0.071596	0.010563	0.078638	0.071596	0.035211	0.065728	0.048122	0.063380	0.062207	0.077465	0.091549	852.0	852.0
33	0.278169	0.214789	0.225352	0.281690	0.302817	0.174883	0.282864	0.268779	0.095070	0.048122	0.071596	0.063380	0.075117	0.055164	0.010563	0.073944	0.062207	0.055164	0.053991	0.053991	0.058685	0.053991	0.083333	0.085681	852.0	852.0
34	0.291080	0.212441	0.219484	0.276995	0.299296	0.186620	0.296948	0.284038	0.103286	0.049296	0.065728	0.072770	0.059859	0.058685	0.010563	0.083333	0.061033	0.050469	0.066901	0.041080	0.059859	0.078638	0.075117	0.063380	852.0	852.0
35	0.284038	0.237089	0.218310	0.260563	0.273474	0.177230	0.264085	0.289906	0.079812	0.056338	0.070423	0.077465	0.079812	0.059859	0.012911	0.084507	0.051643	0.042254	0.062207	0.062207	0.049296	0.078638	0.065728	0.066901	852.0	852.0
36	0.260563	0.237089	0.211268	0.291080	0.287559	0.176056	0.241784	0.301643	0.079812	0.056338	0.057512	0.066901	0.088028	0.057512	0.005869	0.085681	0.045775	0.053991	0.058685	0.052817	0.050469	0.068075	0.082160	0.090376	852.0	852.0
37	0.264085	0.235915	0.204225	0.295775	0.286385	0.166667	0.260563	0.292254	0.083333	0.056338	0.065728	0.058685	0.089202	0.062207	0.012911	0.071596	0.055164	0.035211	0.056338	0.057512	0.055164	0.069249	0.082160	0.089202	852.0	852.0
38	0.282864	0.223005	0.217136	0.276995	0.289906	0.166667	0.273474	0.245305	0.078638	0.044601	0.085681	0.073944	0.092723	0.048122	0.010563	0.071596	0.053991	0.052817	0.055164	0.055164	0.069249	0.057512	0.082160	0.068075	852.0	852.0
39	0.294601	0.203052	0.233568	0.268779	0.289906	0.173709	0.299296	0.287559	0.097418	0.055164	0.083333	0.058685	0.062207	0.058685	0.008216	0.073944	0.065728	0.053991	0.052817	0.061033	0.043427	0.064554	0.070423	0.090376	852.0	852.0
40	0.268779	0.232394	0.214789	0.284038	0.253521	0.172535	0.276995	0.281690	0.072770	0.057512	0.090376	0.048122	0.077465	0.053991	0.014085	0.086854	0.050469	0.041080	0.063380	0.059859	0.051643	0.059859	0.091549	0.080986	852.0	852.0
41	0.252347	0.212441	0.259390	0.275822	0.268779	0.184272	0.286385	0.266432	0.063380	0.053991	0.065728	0.069249	0.084507	0.057512	0.008216	0.062207	0.091549	0.052817	0.065728	0.049296	0.045775	0.056338	0.083333	0.090376	852.0	852.0
42	0.285211	0.220657	0.223005	0.271127	0.294601	0.183099	0.309859	0.278169	0.089202	0.055164	0.077465	0.063380	0.070423	0.062207	0.012911	0.075117	0.070423	0.035211	0.072770	0.044601	0.058685	0.057512	0.071596	0.083333	852.0	852.0
43	0.288732	0.210094	0.234742	0.266432	0.279343	0.208920	0.315728	0.265258	0.090376	0.038732	0.093897	0.065728	0.072770	0.063380	0.012911	0.061033	0.056338	0.057512	0.075117	0.045775	0.046948	0.064554	0.078638	0.076291	852.0	852.0
44	0.266432	0.224178	0.260563	0.248826	0.272300	0.187793	0.296948	0.239437	0.086854	0.044601	0.070423	0.064554	0.090376	0.052817	0.015258	0.065728	0.071596	0.051643	0.068075	0.069249	0.056338	0.056338	0.071596	0.064554	852.0	852.0
45	0.305164	0.205399	0.225352	0.264085	0.299296	0.183099	0.291080	0.285211	0.091549	0.055164	0.089202	0.069249	0.056338	0.062207	0.007042	0.079812	0.052817	0.056338	0.057512	0.058685	0.050469	0.055164	0.070423	0.088028	852.0	852.0
46	0.251174	0.228873	0.224178	0.295775	0.273474	0.178404	0.259390	0.278169	0.070423	0.053991	0.070423	0.056338	0.086854	0.045775	0.016432	0.079812	0.055164	0.052817	0.063380	0.052817	0.058685	0.064554	0.084507	0.088028	852.0	852.0
47	0.271127	0.217136	0.234742	0.276995	0.287559	0.169014	0.253521	0.266432	0.069249	0.051643	0.070423	0.079812	0.075117	0.050469	0.017606	0.073944	0.072770	0.059859	0.041080	0.061033	0.056338	0.059859	0.078638	0.082160	852.0	852.0
48	0.273474	0.221831	0.207746	0.296948	0.272300	0.166667	0.262911	0.288732	0.080986	0.048122	0.075117	0.069249	0.082160	0.055164	0.014085	0.070423	0.057512	0.048122	0.049296	0.052817	0.044601	0.085681	0.089202	0.077465	852.0	852.0
49	0.265258	0.237089	0.227700	0.269953	0.261737	0.177230	0.250000	0.300469	0.073944	0.066901	0.061033	0.063380	0.069249	0.063380	0.012911	0.091549	0.055164	0.041080	0.059859	0.071596	0.048122	0.069249	0.076291	0.076291	852.0	852.0
50	0.246479	0.240610	0.210094	0.302817	0.286385	0.178404	0.248826	0.307512	0.066901	0.042254	0.065728	0.071596	0.079812	0.063380	0.012911	0.084507	0.061033	0.046948	0.055164	0.046948	0.053991	0.065728	0.089202	0.093897	852.0	852.0
51	0.261737	0.218310	0.223005	0.296948	0.282864	0.183099	0.258216	0.284038	0.068075	0.061033	0.062207	0.070423	0.075117	0.052817	0.012911	0.077465	0.062207	0.051643	0.065728	0.043427	0.065728	0.075117	0.077465	0.078638	852.0	852.0
52	0.271127	0.240610	0.218310	0.269953	0.265258	0.181925	0.266432	0.299296	0.079812	0.052817	0.075117	0.063380	0.079812	0.069249	0.007042	0.084507	0.057512	0.051643	0.053991	0.055164	0.050469	0.073944	0.073944	0.071596	852.0	852.0
53	0.267606	0.247653	0.210094	0.274648	0.278169	0.199531	0.251174	0.291080	0.072770	0.050469	0.073944	0.070423	0.095070	0.073944	0.017606	0.061033	0.046948	0.050469	0.057512	0.055164	0.045775	0.066901	0.072770	0.089202	852.0	852.0
54	0.260563	0.241784	0.221831	0.275822	0.276995	0.184272	0.267606	0.267606	0.075117	0.043427	0.079812	0.062207	0.095070	0.069249	0.014085	0.063380	0.059859	0.048122	0.052817	0.061033	0.064554	0.059859	0.076291	0.075117	852.0	852.0
55	0.294601	0.220657	0.223005	0.261737	0.302817	0.190141	0.284038	0.272300	0.091549	0.056338	0.075117	0.071596	0.073944	0.065728	0.012911	0.068075	0.055164	0.049296	0.062207	0.056338	0.059859	0.058685	0.063380	0.079812	852.0	852.0
56	0.280516	0.230047	0.213615	0.275822	0.285211	0.167840	0.275822	0.287559	0.088028	0.056338	0.071596	0.064554	0.091549	0.056338	0.005869	0.076291	0.053991	0.043427	0.062207	0.053991	0.050469	0.072770	0.070423	0.082160	852.0	852.0
57	0.284038	0.228873	0.210094	0.276995	0.287559	0.176056	0.271127	0.288732	0.088028	0.057512	0.077465	0.061033	0.077465	0.061033	0.016432	0.073944	0.055164	0.048122	0.050469	0.056338	0.050469	0.065728	0.072770	0.088028	852.0	852.0
58	0.271127	0.232394	0.217136	0.279343	0.292254	0.166667	0.276995	0.285211	0.082160	0.056338	0.066901	0.065728	0.084507	0.049296	0.009390	0.089202	0.063380	0.043427	0.064554	0.045775	0.056338	0.058685	0.076291	0.088028	852.0	852.0
59	0.286385	0.207746	0.217136	0.288732	0.294601	0.163146	0.268779	0.258216	0.090376	0.068075	0.064554	0.063380	0.080986	0.055164	0.011737	0.059859	0.068075	0.050469	0.045775	0.052817	0.055164	0.057512	0.090376	0.085681	852.0	852.0
60	0.294601	0.231221	0.212441	0.261737	0.278169	0.156103	0.278169	0.289906	0.090376	0.059859	0.085681	0.058685	0.069249	0.057512	0.007042	0.097418	0.050469	0.039906	0.051643	0.070423	0.051643	0.057512	0.075117	0.077465	852.0	852.0
61	0.261737	0.214789	0.219484	0.303991	0.284038	0.173709	0.261737	0.282864	0.083333	0.056338	0.064554	0.057512	0.072770	0.063380	0.008216	0.070423	0.066901	0.055164	0.046948	0.050469	0.069249	0.075117	0.085681	0.073944	852.0	852.0
62	0.292254	0.250000	0.205399	0.252347	0.265258	0.170188	0.269953	0.269953	0.077465	0.063380	0.080986	0.070423	0.092723	0.062207	0.010563	0.084507	0.055164	0.041080	0.056338	0.052817	0.043427	0.049296	0.085681	0.073944	852.0	852.0
63	0.268779	0.215962	0.233568	0.281690	0.289906	0.187793	0.268779	0.296948	0.077465	0.058685	0.068075	0.064554	0.064554	0.058685	0.008216	0.084507	0.063380	0.061033	0.059859	0.049296	0.059859	0.065728	0.068075	0.088028	852.0	852.0
64	0.265258	0.244131	0.204225	0.286385	0.289906	0.188967	0.259390	0.295775	0.075117	0.051643	0.073944	0.064554	0.083333	0.073944	0.009390	0.077465	0.051643	0.046948	0.058685	0.046948	0.056338	0.050469	0.085681	0.093897	852.0	852.0
65	0.266432	0.223005	0.227700	0.282864	0.259390	0.192488	0.272300	0.276995	0.052817	0.052817	0.090376	0.070423	0.076291	0.062207	0.012911	0.071596	0.056338	0.044601	0.072770	0.053991	0.057512	0.064554	0.082160	0.078638	852.0	852.0
66	0.242958	0.224178	0.258216	0.274648	0.273474	0.198357	0.274648	0.275822	0.072770	0.039906	0.070423	0.059859	0.082160	0.065728	0.011737	0.064554	0.068075	0.057512	0.063380	0.069249	0.059859	0.064554	0.069249	0.080986	852.0	852.0
67	0.282864	0.227700	0.214789	0.274648	0.279343	0.174883	0.305164	0.296948	0.084507	0.045775	0.091549	0.061033	0.072770	0.058685	0.015258	0.080986	0.070423	0.042254	0.058685	0.043427	0.052817	0.076291	0.064554	0.080986	852.0	852.0
68	0.280516	0.223005	0.230047	0.266432	0.266432	0.176056	0.278169	0.260563	0.080986	0.065728	0.069249	0.064554	0.096244	0.048122	0.012911	0.065728	0.062207	0.049296	0.065728	0.052817	0.043427	0.069249	0.076291	0.077465	852.0	852.0
69	0.282864	0.232394	0.224178	0.260563	0.272300	0.169014	0.287559	0.262911	0.086854	0.057512	0.076291	0.062207	0.096244	0.052817	0.014085	0.069249	0.069249	0.046948	0.055164	0.052817	0.055164	0.072770	0.064554	0.068075	852.0	852.0
70	0.307512	0.230047	0.210094	0.252347	0.299296	0.198357	0.280516	0.260563	0.085681	0.052817	0.083333	0.085681	0.076291	0.068075	0.017606	0.068075	0.048122	0.049296	0.063380	0.049296	0.048122	0.044601	0.079812	0.079812	852.0	852.0
71	0.258216	0.214789	0.244131	0.282864	0.274648	0.173709	0.287559	0.271127	0.082160	0.058685	0.056338	0.061033	0.080986	0.052817	0.008216	0.072770	0.080986	0.044601	0.068075	0.050469	0.052817	0.066901	0.084507	0.078638	852.0	852.0
72	0.296948	0.223005	0.217136	0.262911	0.306338	0.181925	0.293427	0.292254	0.103286	0.057512	0.072770	0.063380	0.066901	0.062207	0.015258	0.078638	0.062207	0.049296	0.055164	0.050469	0.052817	0.064554	0.058685	0.086854	852.0	852.0
73	0.285211	0.233568	0.201878	0.279343	0.289906	0.172535	0.280516	0.274648	0.095070	0.057512	0.070423	0.062207	0.073944	0.058685	0.018779	0.082160	0.066901	0.046948	0.048122	0.039906	0.055164	0.056338	0.090376	0.077465	852.0	852.0
74	0.291080	0.219484	0.227700	0.261737	0.286385	0.167840	0.314554	0.261737	0.085681	0.051643	0.088028	0.065728	0.077465	0.062207	0.010563	0.069249	0.085681	0.039906	0.055164	0.046948	0.058685	0.053991	0.072770	0.076291	852.0	852.0
75	0.307512	0.207746	0.226526	0.258216	0.286385	0.160798	0.287559	0.250000	0.091549	0.062207	0.076291	0.077465	0.079812	0.046948	0.014085	0.066901	0.068075	0.048122	0.051643	0.058685	0.044601	0.063380	0.077465	0.072770	852.0	852.0
76	0.284038	0.220657	0.219484	0.275822	0.298122	0.157277	0.274648	0.269953	0.083333	0.056338	0.064554	0.079812	0.082160	0.041080	0.015258	0.082160	0.064554	0.038732	0.062207	0.053991	0.051643	0.063380	0.077465	0.083333	852.0	852.0
77	0.281690	0.199531	0.219484	0.299296	0.325117	0.174883	0.275822	0.289906	0.095070	0.057512	0.059859	0.069249	0.057512	0.063380	0.007042	0.071596	0.062207	0.045775	0.058685	0.052817	0.064554	0.058685	0.079812	0.096244	852.0	852.0
78	0.279343	0.225352	0.205399	0.289906	0.307512	0.153756	0.254695	0.316901	0.070423	0.045775	0.079812	0.083333	0.069249	0.058685	0.008216	0.089202	0.058685	0.041080	0.045775	0.059859	0.045775	0.061033	0.075117	0.107981	852.0	852.0
79	0.244131	0.206573	0.208920	0.340376	0.305164	0.153756	0.227700	0.305164	0.068075	0.055164	0.062207	0.058685	0.073944	0.039906	0.005869	0.086854	0.045775	0.056338	0.051643	0.055164	0.066901	0.066901	0.095070	0.111502	852.0	852.0
80	0.254695	0.218310	0.214789	0.312207	0.299296	0.187793	0.257042	0.307512	0.078638	0.043427	0.057512	0.075117	0.064554	0.059859	0.007042	0.086854	0.051643	0.051643	0.069249	0.042254	0.056338	0.071596	0.095070	0.089202	852.0	852.0
81	0.251174	0.226526	0.228873	0.293427	0.287559	0.183099	0.276995	0.308685	0.083333	0.055164	0.059859	0.052817	0.077465	0.064554	0.004695	0.079812	0.070423	0.050469	0.063380	0.044601	0.062207	0.075117	0.066901	0.089202	852.0	852.0
82	0.293427	0.245305	0.194836	0.266432	0.295775	0.179577	0.273474	0.268779	0.091549	0.050469	0.078638	0.072770	0.100939	0.065728	0.012911	0.065728	0.049296	0.046948	0.053991	0.044601	0.052817	0.058685	0.076291	0.078638	852.0	852.0
83	0.294601	0.221831	0.221831	0.261737	0.301643	0.176056	0.291080	0.271127	0.084507	0.055164	0.084507	0.070423	0.075117	0.057512	0.008216	0.080986	0.063380	0.051643	0.058685	0.048122	0.064554	0.050469	0.064554	0.082160	852.0	852.0
84	0.287559	0.214789	0.215962	0.281690	0.312207	0.173709	0.279343	0.269953	0.093897	0.043427	0.073944	0.076291	0.075117	0.057512	0.011737	0.070423	0.063380	0.056338	0.048122	0.048122	0.068075	0.068075	0.071596	0.073944	852.0	852.0
85	0.300469	0.225352	0.205399	0.268779	0.318075	0.186620	0.278169	0.285211	0.095070	0.045775	0.082160	0.077465	0.077465	0.066901	0.012911	0.068075	0.050469	0.056338	0.050469	0.048122	0.055164	0.059859	0.063380	0.090376	852.0	852.0
86	0.278169	0.228873	0.208920	0.284038	0.278169	0.174883	0.257042	0.303991	0.075117	0.056338	0.078638	0.068075	0.064554	0.061033	0.008216	0.095070	0.050469	0.052817	0.052817	0.052817	0.061033	0.073944	0.075117	0.073944	852.0	852.0
87	0.251174	0.244131	0.214789	0.289906	0.301643	0.183099	0.253521	0.299296	0.068075	0.035211	0.072770	0.075117	0.084507	0.058685	0.019953	0.080986	0.059859	0.051643	0.052817	0.050469	0.064554	0.065728	0.065728	0.093897	852.0	852.0
88	0.276995	0.211268	0.211268	0.300469	0.293427	0.166667	0.251174	0.282864	0.071596	0.061033	0.064554	0.079812	0.079812	0.055164	0.008216	0.068075	0.056338	0.044601	0.058685	0.051643	0.051643	0.069249	0.089202	0.090376	852.0	852.0
89	0.259390	0.230047	0.220657	0.289906	0.278169	0.187793	0.254695	0.298122	0.068075	0.059859	0.063380	0.068075	0.082160	0.063380	0.015258	0.069249	0.068075	0.053991	0.055164	0.043427	0.048122	0.071596	0.076291	0.093897	852.0	852.0
90	0.266432	0.248826	0.210094	0.274648	0.282864	0.181925	0.267606	0.280516	0.075117	0.046948	0.082160	0.062207	0.083333	0.066901	0.011737	0.086854	0.059859	0.052817	0.050469	0.046948	0.069249	0.050469	0.078638	0.076291	852.0	852.0
91	0.287559	0.217136	0.223005	0.272300	0.279343	0.176056	0.271127	0.261737	0.075117	0.059859	0.080986	0.071596	0.073944	0.057512	0.010563	0.075117	0.058685	0.051643	0.056338	0.056338	0.056338	0.052817	0.086854	0.076291	852.0	852.0
92	0.264085	0.221831	0.234742	0.279343	0.271127	0.172535	0.265258	0.275822	0.077465	0.066901	0.058685	0.061033	0.082160	0.059859	0.008216	0.071596	0.078638	0.053991	0.050469	0.051643	0.059859	0.071596	0.075117	0.072770	852.0	852.0
93	0.298122	0.252347	0.192488	0.257042	0.286385	0.154930	0.259390	0.288732	0.090376	0.058685	0.065728	0.083333	0.090376	0.061033	0.014085	0.086854	0.062207	0.038732	0.041080	0.050469	0.043427	0.071596	0.072770	0.069249	852.0	852.0
94	0.286385	0.230047	0.193662	0.289906	0.280516	0.160798	0.251174	0.291080	0.069249	0.062207	0.085681	0.069249	0.078638	0.049296	0.010563	0.091549	0.048122	0.052817	0.048122	0.044601	0.052817	0.061033	0.086854	0.089202	852.0	852.0
95	0.248826	0.225352	0.231221	0.294601	0.294601	0.170188	0.257042	0.278169	0.078638	0.052817	0.053991	0.063380	0.085681	0.045775	0.009390	0.084507	0.056338	0.046948	0.068075	0.059859	0.056338	0.051643	0.090376	0.096244	852.0	852.0
96	0.276995	0.197183	0.221831	0.303991	0.314554	0.169014	0.267606	0.293427	0.088028	0.053991	0.065728	0.069249	0.076291	0.059859	0.005869	0.055164	0.058685	0.048122	0.055164	0.059859	0.051643	0.072770	0.073944	0.105634	852.0	852.0
97	0.274648	0.234742	0.200704	0.289906	0.295775	0.185446	0.271127	0.294601	0.085681	0.048122	0.070423	0.070423	0.085681	0.071596	0.009390	0.068075	0.055164	0.044601	0.059859	0.041080	0.050469	0.065728	0.084507	0.089202	852.0	852.0
98	0.276995	0.230047	0.224178	0.268779	0.262911	0.173709	0.264085	0.257042	0.070423	0.057512	0.078638	0.070423	0.084507	0.056338	0.015258	0.073944	0.064554	0.051643	0.050469	0.057512	0.057512	0.062207	0.084507	0.064554	852.0	852.0
99	0.276995	0.227700	0.228873	0.266432	0.294601	0.191315	0.284038	0.287559	0.084507	0.061033	0.066901	0.064554	0.069249	0.059859	0.011737	0.086854	0.065728	0.052817	0.066901	0.043427	0.059859	0.055164	0.065728	0.085681	852.0	852.0
100	0.279343	0.228873	0.211268	0.280516	0.299296	0.188967	0.266432	0.287559	0.082160	0.052817	0.071596	0.072770	0.073944	0.069249	0.016432	0.069249	0.055164	0.045775	0.057512	0.052817	0.061033	0.065728	0.070423	0.083333	852.0	852.0
101	0.272300	0.233568	0.215962	0.278169	0.302817	0.179577	0.278169	0.271127	0.093897	0.048122	0.066901	0.063380	0.095070	0.061033	0.015258	0.062207	0.066901	0.052817	0.050469	0.045775	0.052817	0.055164	0.077465	0.092723	852.0	852.0
102	0.308685	0.217136	0.210094	0.264085	0.292254	0.138498	0.300469	0.255869	0.097418	0.063380	0.086854	0.061033	0.088028	0.037559	0.012911	0.078638	0.063380	0.035211	0.052817	0.058685	0.050469	0.056338	0.073944	0.083333	852.0	852.0
103	0.299296	0.192488	0.226526	0.281690	0.312207	0.166667	0.275822	0.265258	0.078638	0.056338	0.089202	0.075117	0.068075	0.035211	0.016432	0.072770	0.058685	0.065728	0.049296	0.052817	0.056338	0.055164	0.068075	0.102113	852.0	852.0
104	0.261737	0.212441	0.223005	0.302817	0.292254	0.166667	0.269953	0.296948	0.083333	0.039906	0.072770	0.065728	0.075117	0.058685	0.011737	0.066901	0.065728	0.048122	0.048122	0.061033	0.049296	0.077465	0.082160	0.093897	852.0	852.0
105	0.273474	0.224178	0.214789	0.287559	0.323944	0.198357	0.264085	0.298122	0.095070	0.049296	0.058685	0.070423	0.082160	0.068075	0.009390	0.064554	0.048122	0.058685	0.062207	0.045775	0.048122	0.055164	0.073944	0.110329	852.0	852.0
106	0.273474	0.231221	0.204225	0.291080	0.291080	0.159624	0.261737	0.287559	0.080986	0.046948	0.079812	0.065728	0.085681	0.064554	0.007042	0.073944	0.062207	0.049296	0.038732	0.053991	0.059859	0.064554	0.082160	0.084507	852.0	852.0
107	0.288732	0.225352	0.207746	0.278169	0.314554	0.171362	0.280516	0.267606	0.099765	0.045775	0.070423	0.072770	0.079812	0.068075	0.010563	0.066901	0.059859	0.042254	0.050469	0.055164	0.056338	0.046948	0.089202	0.085681	852.0	852.0
108	0.295775	0.203052	0.220657	0.280516	0.316901	0.185446	0.294601	0.267606	0.097418	0.046948	0.075117	0.076291	0.069249	0.063380	0.008216	0.062207	0.050469	0.042254	0.071596	0.056338	0.058685	0.057512	0.079812	0.084507	852.0	852.0
109	0.275822	0.210094	0.234742	0.279343	0.299296	0.172535	0.286385	0.272300	0.083333	0.041080	0.073944	0.077465	0.065728	0.062207	0.015258	0.066901	0.079812	0.045775	0.049296	0.059859	0.065728	0.070423	0.070423	0.072770	852.0	852.0
110	0.294601	0.219484	0.208920	0.276995	0.318075	0.176056	0.281690	0.294601	0.107981	0.058685	0.062207	0.065728	0.071596	0.063380	0.012911	0.071596	0.058685	0.046948	0.052817	0.050469	0.043427	0.058685	0.073944	0.100939	852.0	852.0
111	0.281690	0.227700	0.201878	0.288732	0.303991	0.172535	0.261737	0.282864	0.085681	0.055164	0.066901	0.073944	0.068075	0.059859	0.015258	0.084507	0.055164	0.043427	0.053991	0.049296	0.063380	0.057512	0.086854	0.080986	852.0	852.0
112	0.272300	0.215962	0.223005	0.288732	0.320423	0.165493	0.293427	0.285211	0.086854	0.039906	0.077465	0.068075	0.073944	0.055164	0.010563	0.076291	0.062207	0.032864	0.066901	0.061033	0.068075	0.056338	0.066901	0.097418	852.0	852.0
113	0.291080	0.184272	0.221831	0.302817	0.329812	0.145540	0.260563	0.245305	0.084507	0.064554	0.062207	0.079812	0.064554	0.041080	0.010563	0.068075	0.070423	0.050469	0.043427	0.057512	0.083333	0.053991	0.083333	0.082160	852.0	852.0
114	0.302817	0.210094	0.199531	0.287559	0.299296	0.157277	0.278169	0.271127	0.092723	0.065728	0.079812	0.064554	0.079812	0.051643	0.010563	0.068075	0.055164	0.044601	0.050469	0.049296	0.064554	0.073944	0.071596	0.077465	852.0	852.0
115	0.292254	0.235915	0.212441	0.259390	0.286385	0.167840	0.295775	0.280516	0.093897	0.050469	0.084507	0.063380	0.083333	0.062207	0.010563	0.079812	0.063380	0.041080	0.053991	0.053991	0.051643	0.061033	0.069249	0.077465	852.0	852.0
116	0.292254	0.214789	0.218310	0.274648	0.305164	0.177230	0.288732	0.281690	0.086854	0.058685	0.073944	0.072770	0.071596	0.061033	0.011737	0.070423	0.069249	0.045775	0.058685	0.044601	0.056338	0.061033	0.068075	0.089202	852.0	852.0
117	0.284038	0.226526	0.212441	0.276995	0.306338	0.167840	0.272300	0.287559	0.092723	0.056338	0.056338	0.078638	0.076291	0.058685	0.011737	0.079812	0.068075	0.042254	0.055164	0.046948	0.055164	0.069249	0.072770	0.079812	852.0	852.0
118	0.292254	0.226526	0.196009	0.285211	0.293427	0.165493	0.280516	0.299296	0.093897	0.050469	0.088028	0.059859	0.073944	0.066901	0.009390	0.076291	0.053991	0.044601	0.044601	0.052817	0.055164	0.071596	0.073944	0.084507	852.0	852.0
119	0.276995	0.233568	0.215962	0.273474	0.282864	0.164319	0.275822	0.266432	0.084507	0.053991	0.066901	0.071596	0.096244	0.042254	0.015258	0.079812	0.061033	0.043427	0.063380	0.048122	0.055164	0.072770	0.073944	0.071596	852.0	852.0
120	0.296948	0.212441	0.219484	0.271127	0.296948	0.172535	0.275822	0.261737	0.089202	0.052817	0.080986	0.073944	0.066901	0.057512	0.011737	0.076291	0.053991	0.051643	0.051643	0.062207	0.062207	0.056338	0.080986	0.071596	852.0	852.0
121	0.272300	0.218310	0.225352	0.284038	0.306338	0.193662	0.308685	0.294601	0.110329	0.042254	0.057512	0.062207	0.068075	0.066901	0.012911	0.070423	0.070423	0.043427	0.070423	0.041080	0.044601	0.068075	0.082160	0.089202	852.0	852.0
122	0.293427	0.220657	0.223005	0.262911	0.298122	0.163146	0.298122	0.260563	0.086854	0.056338	0.080986	0.069249	0.084507	0.048122	0.014085	0.073944	0.077465	0.048122	0.052817	0.044601	0.052817	0.049296	0.071596	0.089202	852.0	852.0
123	0.301643	0.201878	0.219484	0.276995	0.292254	0.169014	0.315728	0.276995	0.098592	0.057512	0.086854	0.058685	0.072770	0.052817	0.008216	0.068075	0.065728	0.043427	0.064554	0.045775	0.041080	0.062207	0.079812	0.093897	852.0	852.0
124	0.278169	0.215962	0.239437	0.266432	0.295775	0.173709	0.289906	0.271127	0.091549	0.045775	0.068075	0.072770	0.072770	0.056338	0.008216	0.078638	0.066901	0.045775	0.063380	0.063380	0.053991	0.058685	0.076291	0.077465	852.0	852.0
125	0.285211	0.206573	0.215962	0.292254	0.289906	0.160798	0.268779	0.264085	0.093897	0.059859	0.062207	0.069249	0.078638	0.039906	0.009390	0.078638	0.045775	0.044601	0.066901	0.058685	0.048122	0.066901	0.098592	0.078638	852.0	852.0
126	0.266432	0.211268	0.237089	0.285211	0.298122	0.159624	0.280516	0.254695	0.093897	0.038732	0.061033	0.072770	0.082160	0.045775	0.009390	0.073944	0.068075	0.046948	0.057512	0.064554	0.055164	0.058685	0.095070	0.076291	852.0	852.0
127	0.299296	0.190141	0.223005	0.287559	0.315728	0.158451	0.298122	0.258216	0.096244	0.043427	0.085681	0.073944	0.068075	0.059859	0.009390	0.052817	0.071596	0.044601	0.044601	0.062207	0.053991	0.053991	0.088028	0.091549	852.0	852.0
128	0.289906	0.201878	0.227700	0.280516	0.332160	0.167840	0.292254	0.265258	0.100939	0.064554	0.057512	0.066901	0.078638	0.044601	0.010563	0.068075	0.064554	0.043427	0.069249	0.050469	0.065728	0.053991	0.062207	0.098592	852.0	852.0
129	0.309859	0.206573	0.199531	0.284038	0.341549	0.146714	0.285211	0.280516	0.095070	0.056338	0.075117	0.083333	0.075117	0.045775	0.015258	0.070423	0.063380	0.034038	0.051643	0.050469	0.053991	0.055164	0.065728	0.109155	852.0	852.0
130	0.287559	0.191315	0.207746	0.313380	0.286385	0.181925	0.273474	0.284038	0.059859	0.064554	0.092723	0.070423	0.061033	0.059859	0.005869	0.064554	0.052817	0.048122	0.068075	0.038732	0.056338	0.059859	0.097418	0.099765	852.0	852.0
131	0.230047	0.232394	0.264085	0.273474	0.306338	0.194836	0.274648	0.284038	0.077465	0.035211	0.050469	0.066901	0.089202	0.056338	0.015258	0.071596	0.082160	0.058685	0.064554	0.058685	0.051643	0.045775	0.065728	0.110329	852.0	852.0
132	0.300469	0.196009	0.196009	0.307512	0.329812	0.151408	0.275822	0.262911	0.104460	0.053991	0.070423	0.071596	0.070423	0.036385	0.015258	0.073944	0.050469	0.049296	0.050469	0.045775	0.059859	0.058685	0.095070	0.093897	852.0	852.0
133	0.285211	0.198357	0.231221	0.285211	0.293427	0.183099	0.299296	0.264085	0.079812	0.043427	0.086854	0.075117	0.064554	0.062207	0.011737	0.059859	0.071596	0.048122	0.061033	0.050469	0.062207	0.065728	0.080986	0.076291	852.0	852.0
134	0.278169	0.219484	0.240610	0.261737	0.288732	0.166667	0.292254	0.269953	0.086854	0.045775	0.075117	0.070423	0.079812	0.051643	0.008216	0.079812	0.076291	0.052817	0.053991	0.057512	0.051643	0.058685	0.071596	0.079812	852.0	852.0
135	0.294601	0.208920	0.208920	0.287559	0.323944	0.173709	0.280516	0.273474	0.105634	0.051643	0.063380	0.073944	0.068075	0.063380	0.008216	0.069249	0.061033	0.051643	0.050469	0.045775	0.063380	0.059859	0.083333	0.080986	852.0	852.0
136	0.298122	0.226526	0.205399	0.269953	0.306338	0.156103	0.306338	0.267606	0.107981	0.049296	0.078638	0.062207	0.079812	0.056338	0.011737	0.078638	0.066901	0.035211	0.052817	0.050469	0.055164	0.051643	0.082160	0.080986	852.0	852.0
137	0.309859	0.192488	0.225352	0.272300	0.313380	0.174883	0.316901	0.245305	0.106808	0.052817	0.078638	0.071596	0.071596	0.064554	0.009390	0.046948	0.072770	0.042254	0.058685	0.051643	0.052817	0.051643	0.085681	0.082160	852.0	852.0
138	0.303991	0.211268	0.232394	0.252347	0.299296	0.172535	0.285211	0.253521	0.100939	0.070423	0.075117	0.057512	0.072770	0.051643	0.016432	0.070423	0.053991	0.049296	0.055164	0.073944	0.063380	0.053991	0.057512	0.077465	852.0	852.0
139	0.291080	0.225352	0.204225	0.279343	0.313380	0.183099	0.278169	0.292254	0.092723	0.046948	0.075117	0.076291	0.068075	0.070423	0.021127	0.065728	0.055164	0.036385	0.055164	0.057512	0.049296	0.061033	0.073944	0.095070	852.0	852.0
140	0.265258	0.214789	0.225352	0.294601	0.305164	0.173709	0.259390	0.286385	0.092723	0.051643	0.061033	0.059859	0.071596	0.045775	0.010563	0.086854	0.057512	0.069249	0.048122	0.050469	0.057512	0.058685	0.083333	0.095070	852.0	852.0
141	0.279343	0.225352	0.203052	0.292254	0.316901	0.176056	0.242958	0.279343	0.075117	0.048122	0.064554	0.091549	0.083333	0.062207	0.011737	0.068075	0.051643	0.050469	0.051643	0.049296	0.063380	0.062207	0.079812	0.086854	852.0	852.0
142	0.273474	0.223005	0.207746	0.295775	0.314554	0.161972	0.265258	0.298122	0.083333	0.042254	0.071596	0.076291	0.076291	0.057512	0.014085	0.075117	0.063380	0.043427	0.046948	0.053991	0.053991	0.064554	0.076291	0.100939	852.0	852.0
143	0.276995	0.207746	0.208920	0.306338	0.329812	0.174883	0.274648	0.278169	0.084507	0.053991	0.068075	0.070423	0.070423	0.055164	0.016432	0.065728	0.062207	0.043427	0.059859	0.043427	0.072770	0.055164	0.076291	0.102113	852.0	852.0
144	0.289906	0.207746	0.220657	0.281690	0.287559	0.159624	0.284038	0.284038	0.077465	0.056338	0.075117	0.080986	0.075117	0.056338	0.008216	0.068075	0.069249	0.032864	0.062207	0.056338	0.050469	0.080986	0.071596	0.078638	852.0	852.0
145	0.272300	0.226526	0.217136	0.284038	0.284038	0.169014	0.271127	0.279343	0.083333	0.049296	0.077465	0.062207	0.084507	0.057512	0.010563	0.073944	0.055164	0.045775	0.055164	0.061033	0.050469	0.059859	0.085681	0.088028	852.0	852.0
146	0.273474	0.212441	0.228873	0.285211	0.281690	0.178404	0.259390	0.274648	0.075117	0.059859	0.064554	0.073944	0.068075	0.057512	0.009390	0.077465	0.062207	0.053991	0.057512	0.055164	0.053991	0.061033	0.091549	0.078638	852.0	852.0
147	0.259390	0.232394	0.223005	0.285211	0.280516	0.165493	0.262911	0.285211	0.079812	0.051643	0.064554	0.063380	0.086854	0.053991	0.014085	0.077465	0.065728	0.044601	0.052817	0.059859	0.062207	0.078638	0.069249	0.075117	852.0	852.0
148	0.294601	0.228873	0.200704	0.275822	0.296948	0.154930	0.281690	0.271127	0.085681	0.056338	0.088028	0.064554	0.091549	0.049296	0.012911	0.075117	0.053991	0.038732	0.053991	0.053991	0.062207	0.062207	0.066901	0.084507	852.0	852.0
149	0.293427	0.206573	0.221831	0.278169	0.312207	0.173709	0.292254	0.274648	0.102113	0.064554	0.061033	0.065728	0.065728	0.057512	0.010563	0.072770	0.068075	0.044601	0.061033	0.048122	0.064554	0.064554	0.069249	0.079812	852.0	852.0
150	0.300469	0.231221	0.201878	0.266432	0.299296	0.159624	0.278169	0.279343	0.090376	0.061033	0.078638	0.070423	0.076291	0.057512	0.010563	0.086854	0.050469	0.032864	0.058685	0.059859	0.053991	0.050469	0.077465	0.084507	852.0	852.0
151	0.271127	0.201878	0.225352	0.301643	0.300469	0.173709	0.266432	0.284038	0.079812	0.053991	0.070423	0.066901	0.068075	0.050469	0.009390	0.073944	0.051643	0.049296	0.064554	0.059859	0.053991	0.059859	0.088028	0.099765	852.0	852.0
152	0.253521	0.213615	0.232394	0.300469	0.308685	0.176056	0.259390	0.288732	0.092723	0.050469	0.050469	0.059859	0.071596	0.053991	0.012911	0.075117	0.056338	0.049296	0.059859	0.066901	0.063380	0.066901	0.077465	0.092723	852.0	852.0
153	0.284038	0.220657	0.200704	0.294601	0.318075	0.166667	0.282864	0.300469	0.089202	0.042254	0.079812	0.072770	0.076291	0.062207	0.014085	0.068075	0.055164	0.031690	0.058685	0.055164	0.057512	0.071596	0.066901	0.098592	852.0	852.0
154	0.278169	0.207746	0.219484	0.294601	0.294601	0.150235	0.291080	0.284038	0.091549	0.052817	0.077465	0.056338	0.080986	0.050469	0.003521	0.072770	0.070423	0.044601	0.051643	0.052817	0.053991	0.068075	0.079812	0.092723	852.0	852.0
155	0.296948	0.215962	0.212441	0.274648	0.326291	0.165493	0.288732	0.273474	0.096244	0.048122	0.069249	0.083333	0.073944	0.048122	0.017606	0.076291	0.066901	0.043427	0.056338	0.045775	0.052817	0.055164	0.072770	0.093897	852.0	852.0
156	0.289906	0.194836	0.215962	0.299296	0.330986	0.158451	0.284038	0.261737	0.099765	0.052817	0.070423	0.066901	0.070423	0.051643	0.011737	0.061033	0.063380	0.044601	0.050469	0.057512	0.064554	0.049296	0.085681	0.099765	852.0	852.0
157	0.298122	0.198357	0.218310	0.285211	0.330986	0.177230	0.308685	0.288732	0.104460	0.053991	0.070423	0.069249	0.056338	0.065728	0.007042	0.069249	0.065728	0.036385	0.068075	0.048122	0.065728	0.062207	0.065728	0.091549	852.0	852.0
158	0.292254	0.218310	0.211268	0.278169	0.303991	0.145540	0.273474	0.272300	0.092723	0.058685	0.066901	0.073944	0.080986	0.053991	0.003521	0.079812	0.072770	0.046948	0.041080	0.050469	0.055164	0.056338	0.084507	0.082160	852.0	852.0
159	0.301643	0.215962	0.196009	0.286385	0.335681	0.158451	0.280516	0.255869	0.092723	0.039906	0.076291	0.092723	0.078638	0.063380	0.016432	0.057512	0.064554	0.031690	0.046948	0.052817	0.066901	0.051643	0.084507	0.083333	852.0	852.0
160	0.302817	0.186620	0.224178	0.286385	0.338028	0.183099	0.306338	0.291080	0.095070	0.046948	0.077465	0.083333	0.050469	0.066901	0.011737	0.057512	0.078638	0.049296	0.055164	0.041080	0.055164	0.062207	0.064554	0.104460	852.0	852.0
161	0.279343	0.225352	0.208920	0.286385	0.300469	0.174883	0.284038	0.299296	0.096244	0.055164	0.078638	0.049296	0.072770	0.064554	0.011737	0.076291	0.057512	0.046948	0.051643	0.052817	0.058685	0.062207	0.069249	0.096244	852.0	852.0
162	0.285211	0.228873	0.211268	0.274648	0.325117	0.161972	0.279343	0.265258	0.109155	0.055164	0.049296	0.071596	0.080986	0.049296	0.015258	0.083333	0.065728	0.042254	0.055164	0.048122	0.068075	0.056338	0.073944	0.076291	852.0	852.0
163	0.323944	0.203052	0.193662	0.279343	0.349765	0.157277	0.276995	0.289906	0.105634	0.055164	0.069249	0.093897	0.066901	0.062207	0.005869	0.068075	0.061033	0.048122	0.041080	0.043427	0.055164	0.064554	0.064554	0.095070	852.0	852.0
164	0.288732	0.230047	0.180751	0.300469	0.302817	0.171362	0.272300	0.291080	0.088028	0.058685	0.073944	0.068075	0.076291	0.078638	0.009390	0.065728	0.059859	0.032864	0.050469	0.037559	0.066901	0.066901	0.086854	0.079812	852.0	852.0
165	0.291080	0.237089	0.220657	0.251174	0.280516	0.181925	0.257042	0.272300	0.075117	0.049296	0.082160	0.084507	0.078638	0.066901	0.014085	0.077465	0.050469	0.051643	0.049296	0.069249	0.053991	0.061033	0.069249	0.066901	852.0	852.0
166	0.258216	0.228873	0.214789	0.298122	0.298122	0.172535	0.271127	0.292254	0.082160	0.036385	0.070423	0.069249	0.076291	0.051643	0.017606	0.083333	0.059859	0.044601	0.058685	0.051643	0.057512	0.068075	0.083333	0.089202	852.0	852.0
167	0.275822	0.200704	0.230047	0.293427	0.302817	0.179577	0.306338	0.276995	0.097418	0.048122	0.076291	0.053991	0.073944	0.051643	0.012911	0.062207	0.065728	0.048122	0.066901	0.049296	0.056338	0.068075	0.073944	0.095070	852.0	852.0
168	0.293427	0.215962	0.230047	0.260563	0.306338	0.180751	0.299296	0.265258	0.096244	0.051643	0.080986	0.064554	0.073944	0.066901	0.010563	0.064554	0.065728	0.046948	0.056338	0.061033	0.064554	0.052817	0.062207	0.080986	852.0	852.0
169	0.300469	0.218310	0.210094	0.271127	0.311033	0.165493	0.275822	0.261737	0.090376	0.046948	0.086854	0.076291	0.083333	0.050469	0.009390	0.075117	0.056338	0.063380	0.042254	0.048122	0.063380	0.055164	0.071596	0.080986	852.0	852.0
170	0.293427	0.215962	0.210094	0.280516	0.308685	0.160798	0.258216	0.262911	0.090376	0.050469	0.071596	0.080986	0.086854	0.044601	0.012911	0.071596	0.051643	0.058685	0.044601	0.055164	0.061033	0.070423	0.072770	0.076291	852.0	852.0
171	0.289906	0.224178	0.201878	0.284038	0.309859	0.170188	0.273474	0.285211	0.093897	0.052817	0.064554	0.078638	0.077465	0.056338	0.011737	0.078638	0.057512	0.044601	0.057512	0.042254	0.051643	0.064554	0.082160	0.085681	852.0	852.0
172	0.280516	0.218310	0.215962	0.285211	0.307512	0.196009	0.258216	0.289906	0.088028	0.053991	0.063380	0.075117	0.068075	0.062207	0.010563	0.077465	0.039906	0.056338	0.066901	0.052817	0.058685	0.064554	0.076291	0.085681	852.0	852.0
173	0.254695	0.237089	0.217136	0.291080	0.288732	0.164319	0.267606	0.284038	0.068075	0.049296	0.076291	0.061033	0.085681	0.058685	0.007042	0.085681	0.061033	0.036385	0.062207	0.057512	0.076291	0.056338	0.075117	0.083333	852.0	852.0
174	0.291080	0.200704	0.220657	0.287559	0.305164	0.172535	0.287559	0.278169	0.097418	0.053991	0.070423	0.069249	0.073944	0.053991	0.009390	0.063380	0.062207	0.051643	0.057512	0.049296	0.049296	0.071596	0.077465	0.089202	852.0	852.0
175	0.282864	0.231221	0.214789	0.271127	0.302817	0.171362	0.288732	0.269953	0.092723	0.045775	0.065728	0.078638	0.079812	0.059859	0.008216	0.083333	0.063380	0.036385	0.066901	0.048122	0.062207	0.057512	0.082160	0.069249	852.0	852.0
176	0.298122	0.199531	0.223005	0.279343	0.315728	0.186620	0.294601	0.278169	0.091549	0.055164	0.072770	0.078638	0.071596	0.053991	0.003521	0.070423	0.053991	0.052817	0.076291	0.039906	0.053991	0.062207	0.071596	0.091549	852.0	852.0
177	0.271127	0.224178	0.224178	0.280516	0.295775	0.171362	0.279343	0.295775	0.076291	0.050469	0.079812	0.064554	0.078638	0.053991	0.011737	0.079812	0.072770	0.055164	0.050469	0.045775	0.058685	0.065728	0.059859	0.096244	852.0	852.0
178	0.286385	0.225352	0.201878	0.286385	0.318075	0.153756	0.295775	0.301643	0.103286	0.053991	0.072770	0.056338	0.073944	0.052817	0.010563	0.088028	0.063380	0.034038	0.056338	0.048122	0.058685	0.061033	0.066901	0.099765	852.0	852.0
179	0.299296	0.201878	0.206573	0.292254	0.321596	0.159624	0.281690	0.275822	0.100939	0.063380	0.072770	0.062207	0.077465	0.044601	0.014085	0.065728	0.053991	0.046948	0.053991	0.051643	0.049296	0.056338	0.077465	0.109155	852.0	852.0
180	0.281690	0.211268	0.218310	0.288732	0.307512	0.165493	0.244131	0.280516	0.088028	0.063380	0.061033	0.069249	0.084507	0.052817	0.008216	0.065728	0.046948	0.056338	0.048122	0.066901	0.049296	0.061033	0.077465	0.100939	852.0	852.0
181	0.268779	0.233568	0.194836	0.302817	0.305164	0.172535	0.273474	0.292254	0.090376	0.041080	0.079812	0.057512	0.071596	0.069249	0.010563	0.082160	0.050469	0.039906	0.052817	0.051643	0.068075	0.051643	0.093897	0.089202	852.0	852.0
182	0.280516	0.201878	0.237089	0.280516	0.329812	0.165493	0.305164	0.266432	0.109155	0.036385	0.061033	0.073944	0.066901	0.048122	0.007042	0.079812	0.068075	0.043427	0.066901	0.058685	0.056338	0.048122	0.085681	0.090376	852.0	852.0
183	0.300469	0.176056	0.220657	0.302817	0.321596	0.173709	0.302817	0.261737	0.097418	0.061033	0.071596	0.070423	0.055164	0.058685	0.008216	0.053991	0.069249	0.042254	0.064554	0.044601	0.068075	0.063380	0.085681	0.085681	852.0	852.0
184	0.289906	0.225352	0.230047	0.254695	0.294601	0.164319	0.282864	0.235915	0.102113	0.048122	0.075117	0.064554	0.099765	0.044601	0.016432	0.064554	0.049296	0.046948	0.056338	0.077465	0.055164	0.053991	0.072770	0.072770	852.0	852.0
185	0.306338	0.193662	0.220657	0.279343	0.318075	0.142019	0.302817	0.267606	0.098592	0.045775	0.080986	0.080986	0.064554	0.049296	0.008216	0.071596	0.078638	0.039906	0.044601	0.057512	0.057512	0.065728	0.075117	0.080986	852.0	852.0
186	0.299296	0.200704	0.208920	0.291080	0.333333	0.160798	0.282864	0.281690	0.093897	0.062207	0.065728	0.077465	0.055164	0.055164	0.008216	0.082160	0.070423	0.044601	0.052817	0.041080	0.066901	0.049296	0.079812	0.095070	852.0	852.0
187	0.286385	0.211268	0.206573	0.295775	0.335681	0.160798	0.281690	0.293427	0.106808	0.052817	0.062207	0.064554	0.059859	0.058685	0.009390	0.083333	0.062207	0.042254	0.050469	0.051643	0.061033	0.048122	0.083333	0.103286	852.0	852.0
188	0.289906	0.201878	0.205399	0.302817	0.321596	0.153756	0.288732	0.276995	0.102113	0.042254	0.077465	0.068075	0.075117	0.050469	0.012911	0.063380	0.059859	0.041080	0.049296	0.055164	0.057512	0.069249	0.082160	0.093897	852.0	852.0
189	0.294601	0.203052	0.221831	0.280516	0.318075	0.173709	0.291080	0.278169	0.093897	0.049296	0.071596	0.079812	0.069249	0.051643	0.007042	0.075117	0.062207	0.051643	0.063380	0.044601	0.049296	0.056338	0.079812	0.095070	852.0	852.0
190	0.274648	0.208920	0.221831	0.294601	0.307512	0.170188	0.285211	0.286385	0.096244	0.050469	0.071596	0.056338	0.058685	0.062207	0.011737	0.076291	0.064554	0.043427	0.052817	0.061033	0.069249	0.062207	0.077465	0.085681	852.0	852.0
191	0.288732	0.218310	0.213615	0.279343	0.318075	0.170188	0.298122	0.267606	0.103286	0.046948	0.068075	0.070423	0.069249	0.056338	0.016432	0.076291	0.076291	0.046948	0.050469	0.039906	0.064554	0.055164	0.079812	0.079812	852.0	852.0
192	0.313380	0.205399	0.214789	0.266432	0.299296	0.146714	0.293427	0.261737	0.092723	0.058685	0.091549	0.070423	0.077465	0.045775	0.004695	0.077465	0.051643	0.038732	0.057512	0.066901	0.056338	0.058685	0.071596	0.079812	852.0	852.0
193	0.278169	0.201878	0.225352	0.294601	0.305164	0.176056	0.287559	0.259390	0.084507	0.062207	0.071596	0.059859	0.076291	0.055164	0.009390	0.061033	0.063380	0.043427	0.068075	0.050469	0.071596	0.053991	0.079812	0.089202	852.0	852.0
194	0.295775	0.214789	0.228873	0.260563	0.286385	0.176056	0.285211	0.262911	0.098592	0.049296	0.079812	0.068075	0.071596	0.062207	0.011737	0.069249	0.059859	0.055164	0.046948	0.066901	0.046948	0.058685	0.082160	0.072770	852.0	852.0
195	0.276995	0.225352	0.220657	0.276995	0.320423	0.190141	0.292254	0.300469	0.104460	0.041080	0.069249	0.062207	0.070423	0.065728	0.007042	0.082160	0.055164	0.053991	0.063380	0.048122	0.063380	0.062207	0.061033	0.090376	852.0	852.0
196	0.293427	0.223005	0.200704	0.282864	0.301643	0.165493	0.253521	0.291080	0.078638	0.069249	0.070423	0.075117	0.070423	0.049296	0.016432	0.086854	0.048122	0.043427	0.056338	0.052817	0.053991	0.061033	0.073944	0.093897	852.0	852.0
197	0.251174	0.223005	0.217136	0.308685	0.311033	0.172535	0.259390	0.301643	0.096244	0.035211	0.056338	0.063380	0.084507	0.052817	0.005869	0.079812	0.050469	0.057512	0.056338	0.052817	0.049296	0.066901	0.090376	0.102113	852.0	852.0
198	0.280516	0.212441	0.208920	0.298122	0.326291	0.147887	0.278169	0.266432	0.076291	0.045775	0.082160	0.076291	0.090376	0.052817	0.008216	0.061033	0.072770	0.039906	0.046948	0.049296	0.071596	0.050469	0.073944	0.102113	852.0	852.0
199	0.311033	0.188967	0.211268	0.288732	0.334507	0.154930	0.281690	0.276995	0.095070	0.048122	0.084507	0.083333	0.064554	0.050469	0.008216	0.065728	0.061033	0.055164	0.041080	0.053991	0.057512	0.062207	0.070423	0.098592	852.0	852.0
